$ANSIBLE_VAULT;1.1;AES256
36393931666463333138626364643333306664613138653361636536363362333238623036353066
6265623861623831653833653364653738343633623937390a643537373862343263656465626632
35333532616130306234373038666536666134376465643666333635626566363430363261646136
6237363131633139660a383663376134376663366230386362393833313638366262366662656661
63353632386538653531343032616664313361616565316533376461313834653764366564313336
36616236373861326431666138616332653835626131633737356666643663393765333839326438
61663832656666616335343361393065356162613735383463653432656136396666303133643039
32386537393264636666383339356434383233343761316631376233326236643035653437383431
38333164613066633763303630636561373464316134363835353833393739626466623834373633
63653663363439346433646264663661626534396633353834316466626430333839383036663334
39326534643233653732633335653639336563616534643962623538666438373361333961336461
62636435353033306530363961323038333934313332333066383733333766396136376338633937
38333761633231626565393135353435306234356464326130316534643535303762653538353130
65643034343162626261386166366335356661346664663662633734636330376465376437353165
64646334326538393035616364613732616135656231323237383965663465306433303038633732
37356263663539323062396435306531356337313366393761363161636462633866633434366132
61653031363362623638333736666163303632643235373137616239656631616365363535323865
38333761313365376165366438663439613637356664303837323539353739366431373036353237
65306263346238613964393364383631663035393135663534373761376430653538383332653138
35366630333565356565656636613436643663313739326537313032623961636461336462336231
66323763613061386431643434636135653938313435643164303039306137373962346530646336
32653764306130393532646536353139643766393636343566653136616462366663373363376662
30376135396437333661613965613761646264666533623064313039653730363534323631663230
62363933373636323737366265623463356264316163323464383363636638393630633966393239
32366665633035373934306663666336386535653733316437343630613334646265
