$ANSIBLE_VAULT;1.1;AES256
61386261373763376234386266373532663636313063333563613438323434356634373939626263
3766323265616161323331383562306238393364396166310a313762326534366232346663343964
33363636663034313737316131373263393964363637303138323731386134343139346130313839
3131616336303130630a653632313130633865326364316435306536336639366334356339396261
64303030383961313239623666396534353861646161666233333361356539643733346334616565
66623236636332643662316564356562653233373565303264323339313836353533613031663630
66336263656533666534336239613635643563636335643163643065626365326564383233366637
33613365636437623734613661666361393832636339633230663161633338343965363861663263
39616231386533666432663235616236636630323735316332643462323862663830613836383636
63646633643331653464313334373066373565326330386231306464623331313961613764613237
38366166636237343665663136636461313564303063383735393561316266356536653634316263
37356430336365633466353664613464323737633163616664353039323334323461393135386530
65353865306131643265383935326261346266303638636437303130376138653130353662613032
30646365366538323233393435366633383564663963613135313663663333666637313036666166
34376334633862383337376165313236663362366565323965653433353630323961303931646131
65376665626666313664666339326637653333383333393836643562353337356636623134326662
36633363306439323361653462393362623636383466396464633230643637336339396433373431
36303264363561653866333139306236316361646666323636326662623733626663343561663338
61623166323830336238653364316634303538623237646465396161343962303639616534643565
38376666343662616136323934393166633332313439313031666635646433663430393635353235
65646535316134393830626236303264303264303133353762316230373932623436303039313138
38313439653338363364313264366565303163396232393037623832643265323233356266663834
33306266386161633565643633623864316438626235616437333838633432326236366339346365
39343235323732353763303632346632623932633238656634373330636134666362373034336432
64616665386635623332386639616534333731303936303664623234636534303263623430636565
65353732396563326333333666316562336263376365323535336262313039346233636437396666
62376330333364313835383764623236373165396238663731396333333362646334336130633339
37656334613430646337653466326137663762613631353132396362353832346562386265643339
64663135303563366135323264376261643339353138376335666465643436663263656339316135
64363932653231613534346631313939653339643835336535633831326432356363623736393832
37616564383361356338623065633866356536633530346366323563653266356234323530343961
38353336626662303232613061353836386264646535363834383866366631386663326633383631
35363130393837613133626439356135343063613061353163653733383634353863366465343534
39353237616338656632396236653731653732323133353238646162353561396231393063393331
34663034393933653834643130323233396561646538633639343866623632633238346635303530
33316666646463346235363565616139663530346663613762316532396264323334616539316164
34346436386334663538396466653630316631326434386439333733363162313461343639323930
35323261373765653063346161303630373631376663366463306638336437653464363163666635
38356131303962323133376530623038633763623837333265376264316634336265326663613938
35633738613762656261383361656264653434303331316234343538323339346561666134643132
32646565363734613839643362636635386438626363373061323166323737313233313466353334
33326134373230306135363231613566616666326532396535323239303634663861653133333733
36396130336439386661386634323732653862376336313331373737363338646565316461643162
30316631333461303237336635333466306661333966616139636630346531613364646531623137
39316330616261323566653066363930656531366566656365663136376261373366346237343562
64363336303039313135383866336135646336373663303963316664366338656331316261396265
62343766313961306161376234353935333366393837626435626461393531633866393666643435
33656364346334383332356164623338353239346663323338613135333737323563356437653630
36323539376132333362396239353032646436373534643135643530333064363339353233396633
37663364373563303735666364306635393164653337393966386137653265313739333561323338
34313133383336653737373566306339636361386466373331306464393865376433353263356637
65326561623034613265643337373766653134643331303036383532383137303936353863346461
32303736346532613538626636393865366233323932633364393763313030306166363236653762
34623163343566336361343131613730343433616239353131383139306537613237316466313339
31653438336264303932623731626662656664306361623330623761636430313438386434363664
34356464646434646361343033616638643865313363323337616565653865366330313734653264
31623063393566643730623165626236383836396661663961613764653631383661653733663430
61613539633837343265383733653831393838393930396532646237383237363466666137663738
36326561633162643339613266636263643838336264366638646439653334396262323636633435
62363364323539313866326439396132333435336466333434333463333962633764633363333466
61326562333536323161326537313337616138643939643166633337366461393832363564653761
36313332333139613933373230383466663531386138323763643631313836633866396563643733
65333133623538306532353930343665303730333238346464613138353035376637616435346530
61656637343037663061353439396335616331666531376662336533326434386264333036323266
38346162393265313132346536353031666436616331343831316565663964306234343930656333
61393932636531303737623264303131666262633464643163386636613761346266396163303664
39666533316364643637646136353963313139353166383365616361613563306162643132633132
64396133666666366335303537636239663732356433623465623632306337663661613038386138
35616234313331353536313836666564666363623230616666336233653731643164616432313933
64313264363833643164346431393130306138373730303039613663326533333263643736626565
62366561613337383665613361643964323164613839623436333934306639396161313738313133
34313132356561393362303363366133373930616362343161396438396630313066353631376232
63303438363736613863313435333331386537376235653535323566333962636434656461333537
61656239363632633031303162633335386239623566663738303331633133613239383261356335
62343461636636613862303063386463313530636664323437383966636337656532336566633733
38366366323631396665613030333439623261323566366631646638663131353862613735393936
31356530343336363965643630613364323231313534393830336638366339363933383532623363
39393162353437626130306332323738376433633736613461623963653037313433396339386435
32343735353136383430663139326164333135356630366435626333346538613134363761336436
30313965343966643537333038616537646435663937363061626162646337626233303932626561
66653366373233353938326131386338313331353962343362316266383563333332626235336265
32663662383636616133336263343030363763386563313135333362653339383864376461626263
34653332666633613338626339316665306338336166663833356330346161373133343466643632
30333438373338336638333765333538306230613035396264336138386435353864653537646339
66343736303139383063643761333732313165383733313734643537643364666432323261653963
35383163316365663531313136383836633164626233343262333064313930653338343438396130
31333932323038373066333463613739383735393035626266306435636239646530393538323661
61353333336334343632353664383764393161303732626266616534333635613232646266626561
35656535386364393562363839336662643264663466653832306635333539326362663036393631
65666162376539366235663032313161363036343339343561366565623334666639636535346461
65626665633035663264313433623838356239336164346261616532386663643034303563653236
66613134336337333565346636616263393235353065393761363839343036386361333936396562
39366630353831366465646634303564633134623835353564353764613131636438373833333539
36386630386163336331383035383962313962633437336435393761633065353939376238343062
61386663323431356639623338616532396464323438343139333261326130613063346362363662
33366530666432393438303036633964656563626638366339616433633936353639303531396536
35613865363235356266333863326538376636613663333239373761343462663564336166356361
63323236353533313733303030363831356565653465336335656631623133383761653366373461
62613563616661313735666635633163323033316163626134653362373233393230303365333233
39323865356461373833366531663562633039353634353431323732396166636264643161363766
33393836373833626632643761666366306630613062373633633332373963636162396262663034
65346264363237376638313236353834383434666230376562613038373063383161323564623632
65643364373635303939616130396164643861306435326431376564363662336130323731396336
30393339636233633439316566666133353831393333636162386637333933633637656533666236
38613438343766383034613137366362383338323036346132363535383134363234386465643165
38666265623131316236383732316566616130663939393565366635373762356666323836663565
63303266316561363561356634616231663661343531313864636463363261623665353639356564
33643761633239633661616635636430333364303563666562366439313934646339623934393065
30666235383732613539663436353162383161393766306131363631623136363638326438653363
65633630656265643637663931373163656235303830626533306137656334613138653331663938
32343463343430666365353534663037623236613332393535356338326639356265626231303837
34323332616637643237323537343666313636353862636139336630613863343235396435326365
62376534393366663238353966306137393038363436373236386335663839366436343837653131
64613938626163626431613435646466646338316661343733306461343135333130626635633964
65313563313766306263613133633032353239613065333732626365613562663336356335336232
35353365643935646433333833666535643033326565656662356239633831336563386139616236
63653530366230376366636362613463613231366466303635626162613336376635616632656163
63396330653238653363643233623430653930616665333834316265633534316437616438666166
30336562383764656236316264663565396664336661666137383466666635356266383236373437
31613331373437356432383333303665633766626265306638633266663836343863666661396265
37356534663238653462356636393437393633376535333665396361373930336361383566316339
37636663633230363465386537376166653032336437373665313336326636343130663039346637
62663565633530303162383062353165323830303162613132633261356134633739313465306239
32393533663536633634623836323232656237323061663838396536343638316133393630383266
37316161336237656639333832393032613831616336373363376338666337636336383966386132
37643533386234626635306235646361663234306361663564376364613339373662663733383635
30343361313638353363656136636363393361333831626637313635346331623237656565613331
38646563363736336363303562343536396262626230356164376438633434636662356364393065
30613733626463343531616566616561663666396636376535663664383237313530633564356336
66343337333134613664366331336430636566636363613465363039633462393264333266656265
65363764353731303463613036323130663730653235633862326365623834396266353963626631
37643432613664356361306332613834346362643562343635363963313431373964623834636335
64313239616136663536643034326131386330376432626366323266376562626462333466393433
66326264313635383262303135346430383362306138326632643362623761623665323831386264
316236313063656434346365656432643131
