$ANSIBLE_VAULT;1.1;AES256
64663533303037643731346235386134363463343064316432313761343334373564623938333738
3933343739336536653161623436383562353138613632360a303930366332613331383532393430
65343337653432346136656435353438323434383339393632343962303638633830376566663839
3938346139363735660a376364306334306664663065396164323932353634346432343762326163
66626164346365623636386334623739633366333333353330393430376633643661653164376130
66336335363364393835616232613961643139646438383261613839643532303138396661646636
39356661306264663065323939353564626336653433646263343138656532333335636161323739
36303135366136383062623366313761656665376263346564656333666262663639643639303536
65616531373432653066633134373365366338663531326238353365633332626664346239373437
38373631643835363634373962383164313739373462626237303930636132316464386635383663
38366335316433393532313565333863633962393561313535306263636233656661363731646438
33323861613637383165343261633434343833333163613761393335313665666561366161386633
31663363376137373031383837303936393630356366363766396331376165306435393562663765
30613131336231336536666562303230626534623266373936343233363132613434306364356265
62633966373936646162393265643961613964333034663062386133656164633330353563643533
36346338393962303939623633366630386561323365306337313331663234343930616539363130
34373966626562303735623639643033373365376632613834336239346265303335653833656261
63303762343564653564353532356562393638323139363834663235623134643535656138306661
37666630636539656432306463366436383338303335356338393265626335336634323239313865
66626262386662613738663230396665373530316261303734653933326361333436623634383739
66626664366533666336353233313063303461666533396130373332383661303064326436353565
66646434646334373237643565373936343235373365386538623961363732613030636332626361
39653133376339383664316665383131393636393466333061383439633933326138306665363838
61323136643463346563363633646539613331616633656662666564623439386130623533633939
62366232623364376162393530356633313965633539366564666462343033323233626464643932
38326461376136393731633562333538393634306664393963323364333633396462356635306563
31313137396636373037313137643562666662316631663739626233636465303163306162616635
30653039633734646336353134633565306132366561386138663661643438623933303063323036
32653735383862323133346430663330323762373037373335313162653438316164633932613038
62616165333933363162643463383337613435646566366662366136376661643063653133633130
63353732366562356463313433383666376161313033336339303232333238303633366131316563
37306462646565616430313737386366633935306636386365326462323334316639386365613961
36333036616637636463656238303035383239613230303033353335653663383463396533646631
32323036346538356633636232663730636366396564663133313234393261306130366365353139
31306132363466396237633838613934313434343536383562326530626130626164346262323961
63663463616562333030656531363838386431353634313761323035313531306534366564373166
39623261316464383864666334653364666436653532623736303730343432353364313063396461
61323539336330656432366139343034303530353439333639323435336464633436623034373035
33356332336264396166313237333366663135633430636531643839616635336262643166366666
37663165393133333139396331623132666531346637366334326464653161643331636237323635
35383364613830303934336133613264383964393032306266666431343733626637643162326566
36346465333533623562623763393538616563343130613962326638383338353463356364613731
38366363646430646132393162343963666632366533363161643166336661646333646532303533
32613338323632663761323265623336323033633538393735396233333363343262663530343433
37383534653663336536613031626230303333653537653434653037393661306636323236616531
31343661623339333131383566336339656165383031653732616536303231636261303737393830
65303538353862613439633533383630353937653336353436343631663533396139376539666430
35653538386138373865323931386165353065613463373737303433363638613464613139383532
61383665323266343738373066303761346430636433653936633735313961313365396236663265
33386631633365303536353065663734656139303634343036353332666438623736636337636533
35376431306133653662353431363865326136633231326234393639636538363131363265396239
62376662316263666433626530316666653564633732333063383962646134313831633562353835
33646538363632346364386565633235393133393736366566303239383936636232343530393834
34303937643130656661623037373534383836366565386365666365316435323632613835346266
39333931316236353935646166613364383563383131353265303666303736633538393766663961
36376264616665613732613930306438336263663137653264636632616438383432373436313834
64613136626435343361323465323162623430366636626563623339336133346564656531333232
61313333623165666662616663366230383838333331653163613637616461313231666339613831
66623337363634376430373362353166363161626234366336316638663430666465623861333063
66376531633662643535643262656533383565303132616661323630623064663732353365363833
64376138333438653539623962666631653933303532366536666239623534393465366432323535
65393731313163343133363036326265366637373436656531356566326530336432303364633566
32303233613565373262376532626362393764323334313263623363353664616536333463643139
37353862616363336239343136303432663939636361636438303735366535306239316532316564
37353461343861623636363633333032306531663138633531306232306166626637316262346530
61663434303331653936323565306638316530323830326265316563626439373530666533303364
32316430643735666231313732353130393561316134616134646166643161383163393662373532
34336666353065356564336332313264366237643030383663383736323937626139643835346366
39303231326536306536346130623338366163356534613232636333653530336366376565303861
33643066323631613063363961613761373632653636376366663834336633613230613631633663
33613563356130333332663933386362623837386561303362383465653534353434643665636664
66363833386566396339643537373538386665336437643262626661363762383135663336346231
37353563393235626631626430623632663061336665376138306231613631343733343337376431
34303835323136636633636534633536323834313437353063363536646162393963623265626465
64396265316336623765636134363162616463346138393135366165653264303737343137303433
34616433336431636535616234646562336663346535633130616635653963633231323837653262
34623764326536633234666561363534393465383564383761643232396465633361366137386236
31393930666333613039326663393731633961353332623764363530303735326564366265616330
61383666643763633732326166656265616530326239383339366431623539383765366562646434
39383761613734613131613038356434653331326632666230343131633066313939323234306361
31666532633035636266643765626466326362353335376566633630636235333633663062656430
37663463346338333831643866666266636166303231376430633839336635333237653263393634
63613836346430396338633762303730376337386236383733643837326163313566366263346130
38323966656563396166326565613766653537323364356134393365303035396536656465333366
31396638326139326665613836663962646664313063353062353361643136346264373036363432
33333762353137663663363738356336383837303536313832646333336333333838663837656637
61396663383063333633383366303233333764613934663635306630333433316237366564313036
61643064373662343637393132393632616665626239393534383936313231633466316432663437
39646663333231656430393132333431353632386436633235333662636661323432623561333565
30366234666535653135663761383431373766396162336161663762633430333030633865623866
32356231383966326436646465646633633733333630343637636361336138353432633266313633
35646531356636363134653437613164343965646561363266613464636666363434626563366337
31653339343963393562353637623534393961623165396439393663353438646161393232333863
62373033633639643661633532376339356164303236343132616161323762336239336433643666
39653736663561666565363139383432666561653935613332313761383964663061393032306561
32613137646465313938313164396164376135646539613537666461363465646432313164616238
34323732393930313235623430396231326336633536396161333430393936396134393734646265
66646662336236333437336636646135326234646665373339343561363436393839653236663566
30366363613766613335313964636236613065643134303533346632393035323837636364643030
64316264326432663163383964316361373236653133376639353138343465666336376566323166
31663563306461336539303764663761396264386263353533393132656265383762646364366135
38636238303166383463653337303038303363656537373835656561323331356339313038663733
34616539646433373230633763313832303638376530373163303735656335333562353939656538
32343532626166303634333438386136653766356662663331343538633162666138383964343164
34333536313133653138303137366130633166616432386534346238633933623666633737643164
39666439636266653266303337653431393837663064333532333936353966646137616365636639
39356238363833356361636362346536373631633230623835393564356132623038316361613334
37386638613030313966323231323832383265663232643164383332323764346637376132653733
32616530633338313439666163636332306166616166643662666262313162313239623066666631
32386337633531303235643533343238343265383161363164386564613133656165313036383364
37643835653662346565353633346563326338613333303966336661313630323434393564376537
34323633363133303264353737376231363962376436633535343534653261346238383931306436
66623136366332656262643965346438663663396336616463613136653561303235306437333935
62333563366666386666303731353030356461666232653333616262366262356636323835646333
62326435653564393462386431316565393637373531646363376337653761656332326431393130
36346633623163623361643435376337653431306463343037616438623537623266313861396238
36363430323566383337626465333262306566353930323938636532343636626637656230353164
37616234323532633931383235366566393661326561363837646538366439646332663130313839
39303262393734333663376537633532303361356138323963636663643661333261366134383463
37323637623563353930636362393436393135663466343035623035633335623539393631646533
33373666343464613538336133383961656461366133366564346636326561343664663364393531
66626333316164626661383262653330356631393865313537313234353335626162643566306639
36376330393364353566333361313037396330303661663465313234653661353161323832653364
31373837393064383961613436343238343335653762616133343231353562316230363366336135
32303464313734356632333062623031636536626361316666323031353636636666373161326535
31303838346163323632623366316364393933363433303638623737636530343035346331393331
63343035313737393163383132343134393437343335343963646330646636366637626233303536
33623866376566616436636439353039663334386235373531386464373265643764313039373266
39656262343365643332363961623334323162323733353638343035653739306561343165333962
61636266653666373939333734623736383065323034333131633036316338336638626134383337
35373533386263346239313633356230313331386636333564316464333737386230363962383131
61653437663930326233643131326236613662353234633862383963316434376637363130383039
62623861373633383930323165393736353063613564346532656234303262316336323464616638
34356662616261373361613564646335616334393830643932303834653131666434333431326633
38303566643662313233663765343862656363306530626431613462396130373865653536333563
36343538313064343564313938653062656537333464333061616135633334353265323432396133
63623765386438303531376633326637323963313432333639316433336331393030653833383735
66393134343062313164613030643432636335623930316537646136303338653437653530393538
33623737616231343361373934326464346264383262346663323964653565366231343937373638
37323431343733353130376539366661636233623663616630306332353636386533376634346633
66386164383265613161333861613238393966633139633932633066663035386433373632373361
36353735393965653538613536346264626437613332663238326335656466653031313463376139
33393433633735316463333562323032326235633239653835656637373730346637333337623234
37633864333062333438613866346533303937343864613336313364643436643130326233353361
62373032313637386630613061356134346536366563613263653563376338636365396133323962
34343431646364303036616264316332356636363266336437333632663636373338373266326561
31323530313562653562316634396133356431343837653566346435626338333566666466653335
62666330303662626161356639616536643930316563633066646166356631353633333133643161
32353831366633383034373030653731666132613532653864663566393437646465383636633165
61326561656236643238396537623136633537656638383466363432623230356332636534343734
37353737376136323061323335343537353135333065393137346639306561343332386266613663
37636566653432356134326664373934613836636634646665646132313835643736363634303038
62326433316331306637343839393632653332643361323063643839313165396232613035303935
30663562646530653264633863393266383863336232333034653264306362613238616134663863
34646261353065656366623833363239336531383630663564316666343338393037336435303261
66386665643565646435313736326363313435623933323864366261373436623730363439303838
39396561393066663633346132386663306434353938636663393261666265326239313530636133
34636534633565353837373334346136646538323461333866303262656564643535623662663831
36383234656632616237323032306537623964303862613536663662666434666565316235316231
35386662353538393335633661356561623764653536383234636163353935653437633137383062
65616139313762313664643164343463386239313239336435343830366563353732303137346463
63663634393964323063393165356330336562633461663165633063393266346233396463326364
32393566656331333461376566656339396630333866623962653466613662363735373330363364
63653564376661373666303331323962626561373265383163333062346365663435333735383065
65363239383661616331646331353336396361373463336335646165623163386530396238633231
32646636616236346633333462303434303165393261313065353639303737373632663736313932
33313435373238396232656165656234373935336465643535376537626530313139363365396636
62343334653333343438663937343036646238663131633339653163646337393335353465613362
62373939376232623432653436313239323637653130633264303564623865613366316135316436
64643235663037343334323038633833313166356138343530316434613439316661313931613464
64653837633537323266656237336533323533386163376563653765316563386462663932336364
35613736343335643532646536653532346365656665386536313831663661313337643132646139
65373534346561373865376465326432336435666533613962343734373466373330356162313436
66613362643238303462616366613131653934353164396538633166346531363734373136373438
63363664366235393531323438306339393633303535353063376363653162663330653765383139
30306466346364336438
