$ANSIBLE_VAULT;1.1;AES256
65303239636561343935383263323439633866383434383233356438383732363835363762313763
6164636337636663333537303531643339643165303364610a373534613363386363646139396562
64623565623435366238363537613832343562653837373137393535623563633035653461643161
6338643234386333360a323634626366633463616237633133336536616232323366613563313033
37363764663065613062313666643964643131643262326130346432343134343936386533646461
34336162306365383166313330653335326333343863613231646362346266626339353864376437
31636138653230636633666466653966373030373864376432643235373864383732316161386365
38623532366539343134636562363930613736376335396332363033613535623764326533386633
36363766386230386432353532333738616165626536633261643633393262366131363133663738
65343238643335333133326139333962323535626135396262626137373331313834663462306663
36343063363430323863356131386239313733373833656666333530336236356463656562393266
33626330323431323664383931303832346163323161623635613530363939396438666438373430
64316532363965613432383437643465366462666461363639303837366630636439356533613833
34643262306363646433343733386263393230373565643636363338383637616430303266313435
64393736323761323463643437333737613637393161303438333435626139393963306463326565
34303162316632366466303430666163613132623439323934346364373937323038316136636336
37663630653361346133336639343965376561386136383163623537653839373265656366623835
34666563343733386635366264343765356534373366636666326636613633653266396334373633
64316234343430393361343962366537376636323530306638613930643530646166666136393930
61313564313966336234636536666330623937313432356538386430343661356338353036626432
30663135306365333634373931366666373566353731626364616437346430313837643063363663
31333237393234663831616534623462643762316539353232316261613533323431373663396164
38373634633539626164383562353234656239623333363138666337396535306138353533393536
34326236326434623134313032373935333366306566343639373430613761626330343464363039
62373937386131623566343336306363363864666530666261353364653234616339353465326564
35323066343161663965376535353163666231316530386662623561353130633633306161643036
66396663363730316261306564646265353564373337633938393166653732343032323134366566
37303633303964663962643537623565646130366336373131363334616138343637633965346665
37646235643931313435366261613065303630616237353061363563306638336464346330363135
39366337653965326238626436316639343934376165616231653238376430616630653834336130
39326166663437313733383335373837636166646361383332653065316631386534343333373536
61396236623865326435363863323963366261643133336238646637643462613737303139393637
32303563373735653333306339343333336266623934663166363764653932356364323835323136
38633264663838396532343163656337306231666165343639653337663533623761353361636661
38303664363735313835623534613165643464613732333436353237626663633764616539313737
39313436316539323461623235663435613038653764326536623934353132383965356463383966
63643839623863626230353465656665346630373163646633336137313132376433303365353535
37326533353863323836333463323832656238313733333231626631663265313463626132313762
33656639653337383266383435323937653238346631663565616631383961313336316638336232
66643435366538336362376364396461346238656463316533323834623037643262373134373933
65306633313966616563343566643263653563346435636538646536333134623632663163333633
39346265353966643637363765393333666464653962633136313731326135323938623537616237
65643931623734353932643230613638346632386336646630326566646463323062646261303730
38333230383861383336636137316461623935653832626662653832353161306366623636363863
39356463613139656332616565323138393836323134383632666638396533623361623332653739
37633038313631643039383365653638666632396130366364313935303534373930656165633730
30656336393939373235363461633539353234396139366533333236376662343331313135316635
38323437353037343234313262616163656163356162393139346466356262613333313162333566
31303663386232326236636265306231346531323962353165373737383939353364613134653835
30626135323538336630376534343865396665653765303861303761653031306136313833656666
32353732666133623264383464663534666131666134316466623061323039653839623763626664
33373437653537346235643535643363376666653231373365323630613030373130633162356332
38613561346265323362363637303336653931643663353034663233623738633031326430393539
34346163323665326538633033663664616638393862363161336331346561306137383561356231
36346537353734663538393038633737326135346432313835646438636138376538396333303035
34646366363739303734333532346262346437343737636337623566316634613638653439613634
36616435323838323537396163306333343230323436613865643034396361623737666136363139
39396436326536613339343834386564353434393266646332643734623664633564623163643361
31653432383733366639616664346437316465383339316233356233386335616135653663643834
65373635316531303663316264643632643733616536356431313333353465353465366631353663
63666366376261656366326239346236306566353038383936636531613066663634333134383032
62386536346466383361633338313261633936653035633136353762663432656262623466626136
66313434653837636366653964353464313934303634336564663739663830386135373566633965
39316136343632356436383833383561356536636665653062373634303535623837653833393766
30663862303535343263623739633435616134646339613734633137373130633934393364653730
36393232373038323035326434373361623134643934313835303165616134636666363164333132
32623134303836636238363231303833656130663463616238666339323235333862646537396338
65396536653031326465386464633830373965313239376461666233643563396461333765363864
36616439616335306566663931393262393834363630376366303039303837363435313133366563
32663965303934653738303230353061353633636562373331333635653965623031333564383432
64363234376436643238353139653164653037653961626666303237316634623935383363396230
65653461326164383163633234376636313436303363323839613764356434313065656437616639
31653339343339353861386364303536306234303939656662313739663633353538366663623136
38383962336130323631613565393038633032326132393964613664646537383232363137363731
62306138383530643233386638663937343264633262303163643838626465303533373266333535
31386566653833303366626132393564366165633032623631636166656535366538626231393431
63613765386265616433666161646265366266643732373264653839393962636465303437386366
62613438316462336333366264393337316338396361393134376531633430633934653033343965
35383739313034346536646633663839653332306637656530663131613035306463326662623166
34306238326639613137313030313733363139333530633164656435643339613534306462636633
65363630333437646138636330376636363636633463366632656334643533636130303466366138
66393066326135303836646535366236326334363665363064616334623566396136353365326465
62356262656537343039633236613138316364643663386338643233303064646662353036336363
33376533336364353964623139393339616563316163653463626162356466346232386634303664
64316364643239616362623962613334326637626634383961393063663030323031663762646535
30393465666137393733663739333061363634363963373061613565626264363962383038383435
65333730393736346233663562323962373332313161343963366632303962633033396335353762
63306232393935633236383434356630626362646463616665303335343661363337336634333738
33376535653237373161386265386365653538363230326137666232646237323134353739323937
34653863343034326233333536663939383765316166663732643736623631383136636235386561
32656635386634653964313837666130653665326566623137623833643231636531663033353030
65666161663763643839376130623439643366613066363936643736613136393265383439363162
62653036363536343766383934633864373139333430633161653066323032666361383932306134
36633864666633623865643235356437643536616134613038656333353834323739333166333438
38383861393435346262633139353935303439613865376639663430313432613339626332313262
63373131656463353038336338313339643136386365633765306238633264613461383233626432
66616262316430343366396339393231333135363763323933623530393139376136643637656635
33623162323538613162613565386461613764646164323234383533396366343463386330623565
66656431376637393064373063633837333734333134623339363966366238336632633130373166
31666163623465613863336532616332343563343565616630356366653136646661643432366365
36323531326437376235366265383130336132386136343231633738623530363862316263383334
38303734396138376639626332333761653566633732316537653537346362366563613734616530
65393532373134376632323165633337623265373039326365356262383462656331383632613839
33613661366132613835663831336436353632646362346538613830303734633966366363383062
31633665613062323466366662373533623432343436616130333862346137356564353361656534
33663437353465333763653234396135643538633564333864386561643530366133316530343634
37323365333066663135353530346332343164363366366562313033393033633236343361346261
64393764376264663535373764326138326366643234663831373064613631336433333933323163
63346135633439346333343036316130653732353134323961303965653736346338366334653737
36643231623131636638653861666532343462306138393066646235666636666130656539373036
35356639303437633131303163313937306265653262346137373164373938396339373033313661
33393730663037393538613366316462613633633039393038623363303232313235373332643734
61383866363264663439323837643662383335643234346130356430633236353163633138306238
61376635363635393264323832633334336139353864626531663265613531323930363264656132
34623338326464643539356565323865656439343564336235643138643632333637313063616162
66613337376462373665363761366432386630396433393533613261313933326165663237396332
63306361333762356265613032646361353033393461636136363937383966313933336630346233
36356536616630336339653734613564653536613334613538393562396664323863343836313733
65333439333330303134313164396338383032653039643332656430393335316237616361313935
35353437383265653237396464343165326138366665616261656261623430353234616437346231
36303661316235383830653261643635633762373533336636363336646433663164326336373738
34633539663132376539383034343333306134636662623133373934303838393065336337316233
65346131383265303562656130313638666362663936653532336366316232393836336462323334
61653139646362306133323762373562653135366131663335653362643538633663383538633135
38383538323764303338656338336465373863363632303333356237393636346238383637663565
62663030396337366433363831663738376161366138313162313530316263386263303363363636
39313433653334366339356230656538356165323837326362326664316438306361393330643866
61383239303732393164366262333066373963343763306364613961346636626466313461376530
31623638643639396264386237643831633465363164326438636433363663653431366365316538
65386237626234396638333039346533663864633937613935613262656532333031316631373134
37633863356136653234326665396336336136626466666563623238363337663733663535643361
39383230343836666564333961643030643431366337316637313334613233356435333063613561
64383935356234373433396237373465333531373936626539656134346631303832613838653833
35633937353131653362346463643633333838313064633463653061386631623234353539356234
32616665643862393961313161353462383132346332336132393635366131613436623237356331
66306266623133323837633534623931343537373263373239643438306236363336663439343166
30326631313434643135313038346237393936306537393431656630346434316337626463303564
63306435353534666164363963343733613035343032636536633862356234343063353665333662
32393233313734373939323438326535646334376534643764643966393737386232373765366638
38303462386437333434666636383339353235653532326235663336383562656664623837326133
63616132393361613939383439663331363833656266636532313038633134636562613963633862
65353833313432623832656530356533383435363261633161343066306535613734663539363439
61613763303734316665663938343161626563363037656161316632366535326234313731626538
63303865373832356538373032643439663564356235386162313339323533313363313063303033
63613266393539353333373764363436613966663063356164356134636132383234376339613332
34343232343030393664316430326438346333306632643037616666343766313739386164353662
31326364366565323964666233653733616335636162343435303237646439383838343035343262
39656665626665653365366137303463393232363937323731396534356235663662636636646638
38396532366138313933626363376466643633386632343065303236323234386535623035343933
63336162343663616635303937363533386634656163373436633835373163303965393032346364
39313138663731663961656631643336316263303330613433633862323536633834643762393233
33373063313732646632353731326534653832643838333435383164353430643966626338356531
63313362323834623863376165396566366661313437386265623430636138653137303262336466
33336262623665333230363866306266353936613031613338313762343464626636303661646561
31623132666533346466306634343632353831353361356435653130633430653231313832393966
61636338623332626638666438353062323864623831643731653233333537313365303835636636
66646138393736353963346463663833393966646639336432353234346462323135326265303262
62663764616463366335343533633961643135343639643665346230646566366163633862383036
65346662643031633730363137613465623039373139333265393938343939653139633366316334
35633732613162316166303463323330346432643037626632316539303530613061343131623634
37363866373964303264333463383637306631356365343263326134623861643366386338303737
39636263643036633634623932386133656630373639363232646631383465326539366564636662
36326636666663313531353663656363373964336264386433356264356164306239343330383135
36333033393463323637393965346131653763333161313334366366613136333763313133646138
30363761393831396635653565636137643233383335326161303634326466343266363766363431
61636330666535363432396361303965383839333630633665623839336334373937356636653662
64373230376361343931663761666533393161373737643934636336396536636634396233643639
37373536663465333564323264333030646631353463613265393234623966333935303034356130
38313462326338353938363932633865646639643062633039323866616533643561376465313265
65396335376138363535313461346330386237306636373664346463383535663262376565373963
36626166336139333664393233623865323938663834633031333561333838386539386237333032
66383935623736366163363635663638323464316232633439653032353931656437373336643630
38316637663565346537643561663433343437333332363735326165303438333133
